#total oil volume 149561.700814
0.000000	0.000000
1.000000	177.837932
2.000000	355.676486
3.000000	533.517254
4.000000	711.362514
5.000000	889.214718
6.000000	1067.076126
7.000000	1244.948641
8.000000	1422.833773
9.000000	1600.732681
10.000000	1778.646215
11.000000	1956.574982
12.000000	2134.519395
13.000000	2312.479717
14.000000	2490.456098
15.000000	2668.448605
16.000000	2846.457241
17.000000	3024.481964
18.000000	3202.522696
19.000000	3380.579330
20.000000	3558.651738
21.000000	3736.739776
22.000000	3914.843280
23.000000	4092.962073
24.000000	4271.095961
25.000000	4449.244739
26.000000	4627.408184
27.000000	4805.586059
28.000000	4983.778108
29.000000	5161.984061
30.000000	5340.203627
31.000000	5518.436496
32.000000	5696.682339
33.000000	5874.940804
34.000000	6053.211518
35.000000	6231.494086
36.000000	6409.788088
37.000000	6588.093082
38.000000	6766.408600
39.000000	6944.734154
40.000000	7123.069226
41.000000	7301.413279
42.000000	7479.765749
43.000000	7658.126050
44.000000	7836.493573
45.000000	8014.867685
46.000000	8193.247734
47.000000	8371.633043
48.000000	8550.022919
49.000000	8728.416646
50.000000	8906.813492
51.000000	9085.212706
52.000000	9263.613520
53.000000	9442.015153
54.000000	9620.416808
55.000000	9798.817673
56.000000	9977.216927
57.000000	10155.613735
58.000000	10334.007254
59.000000	10512.396629
60.000000	10690.781000
61.000000	10869.159498
62.000000	11047.531249
63.000000	11225.895372
64.000000	11404.250985
65.000000	11582.597199
66.000000	11760.933125
67.000000	11939.257872
68.000000	12117.570548
69.000000	12295.870261
70.000000	12474.156121
71.000000	12652.427237
72.000000	12830.682723
73.000000	13008.921693
74.000000	13187.143268
75.000000	13365.346568
76.000000	13543.530723
77.000000	13721.694865
78.000000	13899.838132
79.000000	14077.959668
80.000000	14256.058625
81.000000	14434.134158
82.000000	14612.185435
83.000000	14790.211625
84.000000	14968.211911
85.000000	15146.185480
86.000000	15324.131529
87.000000	15502.049263
88.000000	15679.937898
89.000000	15857.796656
90.000000	16035.624770
91.000000	16213.421484
92.000000	16391.186047
93.000000	16568.917724
94.000000	16746.615783
95.000000	16924.279508
96.000000	17101.908190
97.000000	17279.501130
98.000000	17457.057639
99.000000	17634.577041
100.000000	17812.058666
101.000000	17989.501857
102.000000	18166.905967
103.000000	18344.270359
104.000000	18521.594406
105.000000	18698.877490
106.000000	18876.119006
107.000000	19053.318357
108.000000	19230.474957
109.000000	19407.588230
110.000000	19584.657609
111.000000	19761.682539
112.000000	19938.662473
113.000000	20115.596875
114.000000	20292.485218
115.000000	20469.326985
116.000000	20646.121668
117.000000	20822.868770
118.000000	20999.567802
119.000000	21176.218284
120.000000	21352.819748
121.000000	21529.371731
122.000000	21705.873783
123.000000	21882.325459
124.000000	22058.726327
125.000000	22235.075960
126.000000	22411.373943
127.000000	22587.619866
128.000000	22763.813330
129.000000	22939.953944
130.000000	23116.041324
131.000000	23292.075094
132.000000	23468.054888
133.000000	23643.980346
134.000000	23819.851117
135.000000	23995.666856
136.000000	24171.427226
137.000000	24347.131899
138.000000	24522.780552
139.000000	24698.372872
140.000000	24873.908550
141.000000	25049.387286
142.000000	25224.808786
143.000000	25400.172763
144.000000	25575.478938
145.000000	25750.727035
146.000000	25925.916787
147.000000	26101.047935
148.000000	26276.120222
149.000000	26451.133401
150.000000	26626.087228
151.000000	26800.981467
152.000000	26975.815887
153.000000	27150.590263
154.000000	27325.304375
155.000000	27499.958010
156.000000	27674.550958
157.000000	27849.083016
158.000000	28023.553987
159.000000	28197.963677
160.000000	28372.311899
161.000000	28546.598470
162.000000	28720.823212
163.000000	28894.985951
164.000000	29069.086519
165.000000	29243.124753
166.000000	29417.100493
167.000000	29591.013584
168.000000	29764.863876
169.000000	29938.651222
170.000000	30112.375480
171.000000	30286.036513
172.000000	30459.634186
173.000000	30633.168370
174.000000	30806.638938
175.000000	30980.045769
176.000000	31153.388744
177.000000	31326.667748
178.000000	31499.882670
179.000000	31673.033402
180.000000	31846.119841
181.000000	32019.141885
182.000000	32192.099437
183.000000	32364.992402
184.000000	32537.820691
185.000000	32710.584214
186.000000	32883.282888
187.000000	33055.916629
188.000000	33228.485360
189.000000	33400.989005
190.000000	33573.427490
191.000000	33745.800745
192.000000	33918.108703
193.000000	34090.351298
194.000000	34262.528468
195.000000	34434.640153
196.000000	34606.686297
197.000000	34778.666843
198.000000	34950.581740
199.000000	35122.430938
200.000000	35294.214388
201.000000	35465.932045
202.000000	35637.583866
203.000000	35809.169810
204.000000	35980.689837
205.000000	36152.143911
206.000000	36323.531995
207.000000	36494.854058
208.000000	36666.110069
209.000000	36837.299997
210.000000	37008.423816
211.000000	37179.481499
212.000000	37350.473024
213.000000	37521.398369
214.000000	37692.257512
215.000000	37863.050435
216.000000	38033.777121
217.000000	38204.437554
218.000000	38375.031721
219.000000	38545.559609
220.000000	38716.021208
221.000000	38886.416506
222.000000	39056.745498
223.000000	39227.008175
224.000000	39397.204532
225.000000	39567.334566
226.000000	39737.398273
227.000000	39907.395652
228.000000	40077.326703
229.000000	40247.191426
230.000000	40416.989825
231.000000	40586.721901
232.000000	40756.387659
233.000000	40925.987105
234.000000	41095.520246
235.000000	41264.987088
236.000000	41434.387641
237.000000	41603.721913
238.000000	41772.989916
239.000000	41942.191661
240.000000	42111.327159
241.000000	42280.396426
242.000000	42449.399474
243.000000	42618.336319
244.000000	42787.206976
245.000000	42956.011462
246.000000	43124.749795
247.000000	43293.421993
248.000000	43462.028075
249.000000	43630.568060
250.000000	43799.041969
251.000000	43967.449822
252.000000	44135.791643
253.000000	44304.067452
254.000000	44472.277274
255.000000	44640.421132
256.000000	44808.499050
257.000000	44976.511053
258.000000	45144.457167
259.000000	45312.337418
260.000000	45480.151832
261.000000	45647.900436
262.000000	45815.583258
263.000000	45983.200326
264.000000	46150.751669
265.000000	46318.237316
266.000000	46485.657296
267.000000	46653.011640
268.000000	46820.300377
269.000000	46987.523540
270.000000	47154.681158
271.000000	47321.773264
272.000000	47488.799889
273.000000	47655.761066
274.000000	47822.656829
275.000000	47989.487209
276.000000	48156.252241
277.000000	48322.951958
278.000000	48489.586395
279.000000	48656.155585
280.000000	48822.659564
281.000000	48989.098367
282.000000	49155.472028
283.000000	49321.780585
284.000000	49488.024071
285.000000	49654.202524
286.000000	49820.315979
287.000000	49986.364474
288.000000	50152.348045
289.000000	50318.266730
290.000000	50484.120564
291.000000	50649.909587
292.000000	50815.633835
293.000000	50981.293346
294.000000	51146.888158
295.000000	51312.418310
296.000000	51477.883840
297.000000	51643.284787
298.000000	51808.621188
299.000000	51973.893083
300.000000	52139.100511
301.000000	52304.243511
302.000000	52469.322122
303.000000	52634.336383
304.000000	52799.286334
305.000000	52964.172015
306.000000	53128.993465
307.000000	53293.750724
308.000000	53458.443832
309.000000	53623.072829
310.000000	53787.637755
311.000000	53952.138650
312.000000	54116.575554
313.000000	54280.948508
314.000000	54445.257552
315.000000	54609.502726
316.000000	54773.684072
317.000000	54937.801628
318.000000	55101.855437
319.000000	55265.845539
320.000000	55429.771974
321.000000	55593.634783
322.000000	55757.434007
323.000000	55921.169687
324.000000	56084.841864
325.000000	56248.450578
326.000000	56411.995871
327.000000	56575.477783
328.000000	56738.896355
329.000000	56902.251628
330.000000	57065.543643
331.000000	57228.772442
332.000000	57391.938064
333.000000	57555.040552
334.000000	57718.079945
335.000000	57881.056286
336.000000	58043.969614
337.000000	58206.819972
338.000000	58369.607399
339.000000	58532.331937
340.000000	58694.993627
341.000000	58857.592509
342.000000	59020.128625
343.000000	59182.602015
344.000000	59345.012720
345.000000	59507.360782
346.000000	59669.646240
347.000000	59831.869136
348.000000	59994.029510
349.000000	60156.127404
350.000000	60318.162857
351.000000	60480.135910
352.000000	60642.046604
353.000000	60803.894980
354.000000	60965.681078
355.000000	61127.404939
356.000000	61289.066602
357.000000	61450.666109
358.000000	61612.203500
359.000000	61773.678814
360.000000	61935.092093
361.000000	62096.443377
362.000000	62257.732705
363.000000	62418.960118
364.000000	62580.125657
365.000000	62741.229360
366.000000	62902.271267
367.000000	63063.251420
368.000000	63224.169857
369.000000	63385.026619
370.000000	63545.821745
371.000000	63706.555275
372.000000	63867.227248
373.000000	64027.837704
374.000000	64188.386683
375.000000	64348.874224
376.000000	64509.300367
377.000000	64669.665150
378.000000	64829.968613
379.000000	64990.210795
380.000000	65150.391735
381.000000	65310.511473
382.000000	65470.570048
383.000000	65630.567497
384.000000	65790.503861
385.000000	65950.379178
386.000000	66110.193487
387.000000	66269.946826
388.000000	66429.639234
389.000000	66589.270750
390.000000	66748.841412
391.000000	66908.351258
392.000000	67067.800328
393.000000	67227.188658
394.000000	67386.516288
395.000000	67545.783256
396.000000	67704.989598
397.000000	67864.135355
398.000000	68023.220563
399.000000	68182.245260
400.000000	68341.209485
401.000000	68500.113274
402.000000	68658.956666
403.000000	68817.739698
404.000000	68976.462408
405.000000	69135.124833
406.000000	69293.727010
407.000000	69452.268977
408.000000	69610.750771
409.000000	69769.172430
410.000000	69927.533989
411.000000	70085.835487
412.000000	70244.076960
413.000000	70402.258445
414.000000	70560.379980
415.000000	70718.441600
416.000000	70876.443342
417.000000	71034.385243
418.000000	71192.267340
419.000000	71350.089669
420.000000	71507.852267
421.000000	71665.555169
422.000000	71823.198412
423.000000	71980.782032
424.000000	72138.306066
425.000000	72295.770548
426.000000	72453.175517
427.000000	72610.521006
428.000000	72767.807053
429.000000	72925.033693
430.000000	73082.200961
431.000000	73239.308893
432.000000	73396.357526
433.000000	73553.346893
434.000000	73710.277032
435.000000	73867.147976
436.000000	74023.959763
437.000000	74180.712425
438.000000	74337.406000
439.000000	74494.040522
440.000000	74650.616025
441.000000	74807.132546
442.000000	74963.590119
443.000000	75119.988778
444.000000	75276.328559
445.000000	75432.609497
446.000000	75588.831625
447.000000	75744.994978
448.000000	75901.099592
449.000000	76057.145500
450.000000	76213.132737
451.000000	76369.061338
452.000000	76524.931335
453.000000	76680.742765
454.000000	76836.495660
455.000000	76992.190055
456.000000	77147.825984
457.000000	77303.403481
458.000000	77458.922580
459.000000	77614.383315
460.000000	77769.785719
461.000000	77925.129825
462.000000	78080.415669
463.000000	78235.643283
464.000000	78390.812701
465.000000	78545.923956
466.000000	78700.977082
467.000000	78855.972112
468.000000	79010.909080
469.000000	79165.788018
470.000000	79320.608960
471.000000	79475.371939
472.000000	79630.076988
473.000000	79784.724140
474.000000	79939.313428
475.000000	80093.844885
476.000000	80248.318543
477.000000	80402.734436
478.000000	80557.092597
479.000000	80711.393057
480.000000	80865.635849
481.000000	81019.821007
482.000000	81173.948562
483.000000	81328.018548
484.000000	81482.030995
485.000000	81635.985938
486.000000	81789.883407
487.000000	81943.723436
488.000000	82097.506056
489.000000	82251.231300
490.000000	82404.899199
491.000000	82558.509787
492.000000	82712.063093
493.000000	82865.559152
494.000000	83018.997994
495.000000	83172.379651
496.000000	83325.704155
497.000000	83478.971539
498.000000	83632.181832
499.000000	83785.335068
500.000000	83938.431277
501.000000	84091.470492
502.000000	84244.452743
503.000000	84397.378062
504.000000	84550.246481
505.000000	84703.058031
506.000000	84855.812743
507.000000	85008.510648
508.000000	85161.151777
509.000000	85313.736162
510.000000	85466.263834
511.000000	85618.734824
512.000000	85771.149163
513.000000	85923.506881
514.000000	86075.808010
515.000000	86228.052581
516.000000	86380.240624
517.000000	86532.372170
518.000000	86684.447250
519.000000	86836.465895
520.000000	86988.428135
521.000000	87140.334000
522.000000	87292.183523
523.000000	87443.976732
524.000000	87595.713658
525.000000	87747.394332
526.000000	87899.018785
527.000000	88050.587046
528.000000	88202.099146
529.000000	88353.555115
530.000000	88504.954983
531.000000	88656.298781
532.000000	88807.586539
533.000000	88958.818286
534.000000	89109.994054
535.000000	89261.113871
536.000000	89412.177768
537.000000	89563.185775
538.000000	89714.137921
539.000000	89865.034237
540.000000	90015.874753
541.000000	90166.659498
542.000000	90317.388501
543.000000	90468.061793
544.000000	90618.679404
545.000000	90769.241363
546.000000	90919.747699
547.000000	91070.198442
548.000000	91220.593622
549.000000	91370.933268
550.000000	91521.217410
551.000000	91671.446076
552.000000	91821.619297
553.000000	91971.737102
554.000000	92121.799520
555.000000	92271.806580
556.000000	92421.758312
557.000000	92571.654744
558.000000	92721.495907
559.000000	92871.281828
560.000000	93021.012538
561.000000	93170.688065
562.000000	93320.308438
563.000000	93469.873687
564.000000	93619.383839
565.000000	93768.838925
566.000000	93918.238973
567.000000	94067.584012
568.000000	94216.874071
569.000000	94366.109178
570.000000	94515.289363
571.000000	94664.414654
572.000000	94813.485079
573.000000	94962.500668
574.000000	95111.461449
575.000000	95260.367451
576.000000	95409.218702
577.000000	95558.015231
578.000000	95706.757067
579.000000	95855.444237
580.000000	96004.076771
581.000000	96152.654696
582.000000	96301.178042
583.000000	96449.646836
584.000000	96598.061107
585.000000	96746.420883
586.000000	96894.726193
587.000000	97042.977064
588.000000	97191.173526
589.000000	97339.315605
590.000000	97487.403331
591.000000	97635.436731
592.000000	97783.415834
593.000000	97931.340668
594.000000	98079.211260
595.000000	98227.027639
596.000000	98374.789833
597.000000	98522.497869
598.000000	98670.151776
599.000000	98817.751582
600.000000	98965.297314
601.000000	99112.789000
602.000000	99260.226669
603.000000	99407.610347
604.000000	99554.940063
605.000000	99702.215845
606.000000	99849.437720
607.000000	99996.605716
608.000000	100143.719860
609.000000	100290.780181
610.000000	100437.786706
611.000000	100584.739462
612.000000	100731.638478
613.000000	100878.483780
614.000000	101025.275396
615.000000	101172.013354
616.000000	101318.697681
617.000000	101465.328404
618.000000	101611.905552
619.000000	101758.429151
620.000000	101904.899229
621.000000	102051.315813
622.000000	102197.678931
623.000000	102343.988610
624.000000	102490.244877
625.000000	102636.447759
626.000000	102782.597284
627.000000	102928.693478
628.000000	103074.736370
629.000000	103220.725986
630.000000	103366.662353
631.000000	103512.545499
632.000000	103658.375451
633.000000	103804.152235
634.000000	103949.875879
635.000000	104095.546409
636.000000	104241.163854
637.000000	104386.728239
638.000000	104532.239592
639.000000	104677.697940
640.000000	104823.103310
641.000000	104968.455728
642.000000	105113.755221
643.000000	105259.001817
644.000000	105404.195542
645.000000	105549.336423
646.000000	105694.424486
647.000000	105839.459759
648.000000	105984.442269
649.000000	106129.372042
650.000000	106274.249104
651.000000	106419.073483
652.000000	106563.845204
653.000000	106708.564296
654.000000	106853.230784
655.000000	106997.844695
656.000000	107142.406056
657.000000	107286.914893
658.000000	107431.371233
659.000000	107575.775102
660.000000	107720.126527
661.000000	107864.425534
662.000000	108008.672150
663.000000	108152.866402
664.000000	108297.008315
665.000000	108441.097916
666.000000	108585.135231
667.000000	108729.120288
668.000000	108873.053112
669.000000	109016.933729
670.000000	109160.762166
671.000000	109304.538450
672.000000	109448.262606
673.000000	109591.934661
674.000000	109735.554641
675.000000	109879.122572
676.000000	110022.638481
677.000000	110166.102393
678.000000	110309.514335
679.000000	110452.874334
680.000000	110596.182414
681.000000	110739.438603
682.000000	110882.642926
683.000000	111025.795410
684.000000	111168.896080
685.000000	111311.944963
686.000000	111454.942084
687.000000	111597.887470
688.000000	111740.781147
689.000000	111883.623140
690.000000	112026.413476
691.000000	112169.152181
692.000000	112311.839280
693.000000	112454.474799
694.000000	112597.058765
695.000000	112739.591203
696.000000	112882.072139
697.000000	113024.501599
698.000000	113166.879609
699.000000	113309.206194
700.000000	113451.481381
701.000000	113593.705195
702.000000	113735.877661
703.000000	113877.998806
704.000000	114020.068656
705.000000	114162.087236
706.000000	114304.054571
707.000000	114445.970688
708.000000	114587.835612
709.000000	114729.649369
710.000000	114871.411985
711.000000	115013.123484
712.000000	115154.783893
713.000000	115296.393237
714.000000	115437.951542
715.000000	115579.458834
716.000000	115720.915137
717.000000	115862.320478
718.000000	116003.674882
719.000000	116144.978374
720.000000	116286.230980
721.000000	116427.432726
722.000000	116568.583636
723.000000	116709.683736
724.000000	116850.733053
725.000000	116991.731610
726.000000	117132.679434
727.000000	117273.576549
728.000000	117414.422982
729.000000	117555.218758
730.000000	117695.963901
731.000000	117836.658437
732.000000	117977.302392
733.000000	118117.895791
734.000000	118258.438659
735.000000	118398.931021
736.000000	118539.372902
737.000000	118679.764328
738.000000	118820.105324
739.000000	118960.395916
740.000000	119100.636127
741.000000	119240.825985
742.000000	119380.965512
743.000000	119521.054736
744.000000	119661.093681
745.000000	119801.082371
746.000000	119941.020833
747.000000	120080.909091
748.000000	120220.747170
749.000000	120360.535095
750.000000	120500.272892
751.000000	120639.960585
752.000000	120779.598200
753.000000	120919.185761
754.000000	121058.723293
755.000000	121198.210822
756.000000	121337.648371
757.000000	121477.035968
758.000000	121616.373635
759.000000	121755.661398
760.000000	121894.899283
761.000000	122034.087313
762.000000	122173.225514
763.000000	122312.313910
764.000000	122451.352527
765.000000	122590.341389
766.000000	122729.280522
767.000000	122868.169949
768.000000	123007.009696
769.000000	123145.799787
770.000000	123284.540248
771.000000	123423.231102
772.000000	123561.872376
773.000000	123700.464092
774.000000	123839.006277
775.000000	123977.498955
776.000000	124115.942150
777.000000	124254.335888
778.000000	124392.680192
779.000000	124530.975088
780.000000	124669.220600
781.000000	124807.416752
782.000000	124945.563570
783.000000	125083.661079
784.000000	125221.709301
785.000000	125359.708263
786.000000	125497.657988
787.000000	125635.558502
788.000000	125773.409828
789.000000	125911.211992
790.000000	126048.965017
791.000000	126186.668929
792.000000	126324.323751
793.000000	126461.929509
794.000000	126599.486226
795.000000	126736.993928
796.000000	126874.452637
797.000000	127011.862380
798.000000	127149.223180
799.000000	127286.535062
800.000000	127423.798050
801.000000	127561.012169
802.000000	127698.177442
803.000000	127835.293895
804.000000	127972.361550
805.000000	128109.380434
806.000000	128246.350570
807.000000	128383.271982
808.000000	128520.144695
809.000000	128656.968733
810.000000	128793.744121
811.000000	128930.470881
812.000000	129067.149039
813.000000	129203.778620
814.000000	129340.359646
815.000000	129476.892143
816.000000	129613.376134
817.000000	129749.811643
818.000000	129886.198696
819.000000	130022.537315
820.000000	130158.827526
821.000000	130295.069351
822.000000	130431.262816
823.000000	130567.407945
824.000000	130703.504761
825.000000	130839.553288
826.000000	130975.553551
827.000000	131111.505574
828.000000	131247.409381
829.000000	131383.264995
830.000000	131519.072441
831.000000	131654.831742
832.000000	131790.542924
833.000000	131926.206009
834.000000	132061.821022
835.000000	132197.387986
836.000000	132332.906926
837.000000	132468.377866
838.000000	132603.800829
839.000000	132739.175839
840.000000	132874.502920
841.000000	133009.782097
842.000000	133145.013392
843.000000	133280.196831
844.000000	133415.332436
845.000000	133550.420231
846.000000	133685.460241
847.000000	133820.452489
848.000000	133955.396999
849.000000	134090.293795
850.000000	134225.142900
851.000000	134359.944339
852.000000	134494.698134
853.000000	134629.404311
854.000000	134764.062892
855.000000	134898.673901
856.000000	135033.237362
857.000000	135167.753299
858.000000	135302.221735
859.000000	135436.642694
860.000000	135571.016200
861.000000	135705.342276
862.000000	135839.620946
863.000000	135973.852234
864.000000	136108.036163
865.000000	136242.172757
866.000000	136376.262039
867.000000	136510.304033
868.000000	136644.298763
869.000000	136778.246252
870.000000	136912.146523
871.000000	137045.999601
872.000000	137179.805509
873.000000	137313.564270
874.000000	137447.275907
875.000000	137580.940445
876.000000	137714.557907
877.000000	137848.128316
878.000000	137981.651695
879.000000	138115.128069
880.000000	138248.557460
881.000000	138381.939892
882.000000	138515.275389
883.000000	138648.563974
884.000000	138781.805669
885.000000	138915.000500
886.000000	139048.148488
887.000000	139181.249657
888.000000	139314.304032
889.000000	139447.311634
890.000000	139580.272488
891.000000	139713.186616
892.000000	139846.054042
893.000000	139978.874790
894.000000	140111.648882
895.000000	140244.376341
896.000000	140377.057192
897.000000	140509.691458
898.000000	140642.279160
899.000000	140774.820324
900.000000	140907.314971
901.000000	141039.763126
902.000000	141172.164811
903.000000	141304.520050
904.000000	141436.828866
905.000000	141569.091281
906.000000	141701.307319
907.000000	141833.477004
908.000000	141965.600358
909.000000	142097.677405
910.000000	142229.708167
911.000000	142361.692667
912.000000	142493.630930
913.000000	142625.522977
914.000000	142757.368832
915.000000	142889.168519
916.000000	143020.922059
917.000000	143152.629476
918.000000	143284.290793
919.000000	143415.906033
920.000000	143547.475219
921.000000	143678.998375
922.000000	143810.475522
923.000000	143941.906684
924.000000	144073.291885
925.000000	144204.631146
926.000000	144335.924491
927.000000	144467.171942
928.000000	144598.373524
929.000000	144729.529257
930.000000	144860.639167
931.000000	144991.703274
932.000000	145122.721603
933.000000	145253.694176
934.000000	145384.621016
935.000000	145515.502145
936.000000	145646.337587
937.000000	145777.127365
938.000000	145907.871501
939.000000	146038.570017
940.000000	146169.222938
941.000000	146299.830285
942.000000	146430.392081
943.000000	146560.908350
944.000000	146691.379113
945.000000	146821.804393
946.000000	146952.184215
947.000000	147082.518598
948.000000	147212.807568
949.000000	147343.051146
950.000000	147473.249355
951.000000	147603.402218
952.000000	147733.509757
953.000000	147863.571995
954.000000	147993.588955
955.000000	148123.560659
956.000000	148253.487130
957.000000	148383.368391
958.000000	148513.204463
959.000000	148642.995371
960.000000	148772.741135
961.000000	148902.441779
962.000000	149032.097326
963.000000	149161.707798
964.000000	149291.273217
965.000000	149420.793606
966.000000	149550.268987
967.000000	149679.699384
968.000000	149809.084818
969.000000	149938.425311
970.000000	150067.720888
971.000000	150196.971569
972.000000	150326.177377
973.000000	150455.338335
974.000000	150584.454466
975.000000	150713.525791
976.000000	150842.552333
977.000000	150971.534114
978.000000	151100.471157
979.000000	151229.363485
980.000000	151358.211119
981.000000	151487.014081
982.000000	151615.772395
983.000000	151744.486083
984.000000	151873.155166
985.000000	152001.779668
986.000000	152130.359610
987.000000	152258.895015
988.000000	152387.385904
989.000000	152515.832302
990.000000	152644.234228
991.000000	152772.591707
992.000000	152900.904760
993.000000	153029.173409
994.000000	153157.397677
995.000000	153285.577585
996.000000	153413.713156
997.000000	153541.804413
998.000000	153669.851376
999.000000	153797.854070
1000.000000	153925.812514
1001.000000	154053.726733
